predicted >> actual
467.5684618201245 , 430.50442825127885  >>  467.616455078125 , 430.83062744140625
451.8125976477156 , 435.06200662430285  >>  451.8919982910156 , 435.23419189453125
436.3113777327335 , 439.5459259997776  >>  436.2825012207031 , 439.6141357421875
421.058678269481 , 443.95795776415946  >>  421.3063049316406 , 443.9436950683594
406.0485702483175 , 448.299816956739  >>  406.1085510253906 , 448.3558044433594
391.2753117712783 , 452.5731644924429  >>  391.5857238769531 , 452.40594482421875
376.7333407286082 , 456.7796092802366  >>  376.78192138671875 , 456.76470947265625
362.41726781658974 , 460.9207102428044  >>  361.9562683105469 , 460.93780517578125
348.3218698782501 , 464.997978242832  >>  349.1694641113281 , 465.2738037109375
461.2168806490874 , 416.6018617938043  >>  461.1276550292969 , 416.7296447753906
445.44206159482036 , 421.2937292309969  >>  445.38201904296875 , 421.7353210449219
429.9233316121997 , 425.9094286961739  >>  429.94781494140625 , 426.0478820800781
414.65450487070666 , 430.4508000263997  >>  414.5860595703125 , 430.5086975097656
399.6295931734921 , 434.91962427702  >>  399.4659423828125 , 434.58782958984375
384.8427981270686 , 439.3176260506117  >>  384.6523742675781 , 439.0424499511719
370.2885036803645 , 443.64647571607475  >>  370.1315002441406 , 443.5980224609375
355.9612690129689 , 447.9077915238645  >>  355.3813171386719 , 448.20965576171875
341.85582175364965 , 452.10314162299215  >>  340.7923889160156 , 451.7613220214844
454.8073752051099 , 402.57250863041065  >>  454.6824951171875 , 402.6922912597656
439.01390599172464 , 407.40092197963  >>  439.2123107910156 , 407.8116760253906
423.4779786564886 , 412.15059907238555  >>  423.46588134765625 , 411.9176940917969
408.1933445982283 , 416.8234502444567  >>  408.2648620605469 , 416.5710754394531
393.15395573603325 , 421.42132452813723  >>  393.1406555175781 , 421.0895080566406
378.35395652979633 , 425.9460120917326  >>  378.4183044433594 , 425.5015869140625
363.7876763787857 , 430.39924656348506  >>  363.99285888671875 , 430.21636962890625
349.4496223775158 , 434.78270724626435  >>  349.4899597167969 , 434.2673034667969
335.33447240947834 , 439.09802122896696  >>  336.0254211425781 , 439.33111572265625
448.3391494838676 , 388.41462643856056  >>  448.2940979003906 , 388.43841552734375
432.52734556031476 , 393.38188769326  >>  432.4302062988281 , 393.541015625
416.97454424603103 , 398.2677835558694  >>  417.0011291503906 , 398.6407470703125
401.6744334150035 , 403.0742969740103  >>  401.6161804199219 , 403.02459716796875
386.62090439797834 , 407.803346979581  >>  386.5904235839844 , 407.6929931640625
371.8080438505427 , 412.45679124339074  >>  372.1719970703125 , 411.943359375
357.2301260081407 , 417.0364285082376  >>  357.3022155761719 , 416.7393493652344
342.8816053067135 , 421.5440009071266  >>  342.62896728515625 , 421.24542236328125
328.75710934898245 , 425.9811961729044  >>  328.50531005859375 , 426.18829345703125
441.81139282883225 , 374.12644082445286  >>  441.674560546875 , 374.2356872558594
425.981580687622 , 379.23489821383725  >>  425.9467468261719 , 379.3111877441406
410.41223973730416 , 384.2592986372914  >>  410.44952392578125 , 384.33172607421875
395.09699356449926 , 389.20169983471493  >>  395.1594543457031 , 389.3470153808594
380.0296721999222 , 394.0640929241897  >>  380.0401306152344 , 394.231201171875
365.2043038306173 , 398.8484050765341  >>  365.35784912109375 , 398.58489990234375
350.6151069082717 , 403.556502062039  >>  350.60699462890625 , 403.24444580078125
336.25648263169677 , 408.19019067645456  >>  336.5484924316406 , 408.18505859375
322.1230077829435 , 412.7512210528563  >>  322.52081298828125 , 413.616455078125
435.2232795925808 , 359.70614458168313  >>  435.1809387207031 , 359.325927734375
419.37579709722877 , 364.9581936920335  >>  419.4145812988281 , 364.6829833984375
403.79026214402177 , 370.1234301899651  >>  403.72271728515625 , 370.12591552734375
388.4602332613598 , 375.20398885778167  >>  388.46820068359375 , 374.86529541015625
373.3794784608645 , 380.20193505249006  >>  373.2860107421875 , 380.3248596191406
358.5419667902967 , 385.1192675052676  >>  358.5619812011719 , 384.78253173828125
343.94186029194174 , 389.9579209865507  >>  344.1138610839844 , 390.0865783691406
329.5735063439367 , 394.71976884421207  >>  329.4921875 , 394.7539367675781
315.43143036343315 , 399.40662542182275  >>  315.0396423339844 , 400.4980163574219